Energy.euc	1.82
Pmax=	9544.80957
Gmax=	-1.13769490969072
